599 85
-0.904127180576324 0.904127180576324 -0.837853491306305 0.837852656841278 -0.00922011397778988 5.99564075469971
-1 -1 0 1 1 man1_wrl
	0.00	0.00	0.00
0 90 0 0
	1.00	1.00	1.00
#VRML V2.0 utf8

 Transform {
  children 
  DEF SCENE_ROOT_XForm_TGS0 Transform {
	 children 
	 DEF xman_XForm_TGS1 Transform {
	  children [ 
		 Shape {
		  geometry 
		  DEF _0_TGS2 IndexedFaceSet {
			 coord 
			 DEF xman_Points_TGS0 Coordinate {
			  point [ 0.568987 4.89987 -0.210259 ,
				   0.497698 4.52992 -0.240477 ,
				   0.560893 4.88761 0.150223 ,
				   0.649326 4.99907 -0.009692 ,
				   -0.609549 4.9217 -0.189866 ,
				   -0.525002 4.5731 -0.248175 ,
				   -0.584329 4.89758 0.156764 ,
				   -0.67029 5.00364 0.013307 ,
				   -0.796356 4.2493 -0.164359 ,
				   -0.605878 4.19017 -0.224921 ,
				   -0.534197 4.16325 0.053461 ,
				   -0.702644 4.19368 0.142673 ,
				   -0.837847 4.25935 0.024782 ,
				   0.295365 4.63169 0.326314 ,
				   0.299738 4.88246 0.248946 ,
				   0.010285 4.84233 0.239027 ,
				   0.032781 4.99385 0.185106 ,
				   0.260186 5.03984 0.175114 ,
				   -0.274734 3.57072 -0.183349 ,
				   -0.506163 3.57082 0.044984 ,
				   0.43657 3.56277 -0.100682 ,
				   0.237389 3.57072 -0.186284 ,
				   -0.01985 3.56468 -0.271847 ,
				   -0.42664 3.56528 0.214258 ,
				   -0.235668 3.56532 0.302313 ,
				   -0.452177 3.57372 -0.092791 ,
				   0.502146 3.56283 0.055131 ,
				   0.445035 3.56089 0.216387 ,
				   0.262133 3.56086 0.306936 ,
				   -0.029082 3.56138 0.330484 ,
				   -0.212822 5.16924 0.005374 ,
				   -0.169851 5.28972 0.01027 ,
				   -0.15102 5.32279 -0.093658 ,
				   -0.009072 5.34059 -0.144637 ,
				   0.13556 5.32197 -0.094535 ,
				   0.185209 5.17677 0.000185 ,
				   0.168884 5.2901 0.012098 ,
				   -0.148477 5.22781 -0.123577 ,
				   -0.008414 5.23936 -0.173039 ,
				   0.125156 5.21828 -0.115888 ,
				   -0.078753 5.2123 0.16908 ,
				   -0.125825 5.24133 0.141503 ,
				   -0.175001 5.0593 0.170272 ,
				   -0.068636 5.09092 0.121764 ,
				   0.053583 5.09131 0.122368 ,
				   0.111543 5.22828 0.144457 ,
				   0.063722 5.21455 0.169493 ,
				   0.153119 5.06467 0.178103 ,
				   -0.014352 2.94233 0.348285 ,
				   -0.27596 2.86724 0.323315 ,
				   -0.506566 2.8672 0.227796 ,
				   -0.579514 2.88467 0.047072 ,
				   -0.509171 2.84042 -0.158433 ,
				   -0.315896 2.82273 -0.263018 ,
				   -0.005703 2.85961 -0.331805 ,
				   0.00423 2.60745 0.042963 ,
				   0.096576 1.77402 0.157292 ,
				   0.073277 1.8379 -0.0559 ,
				   0.119072 1.89306 -0.241756 ,
				   0.306235 1.90296 -0.2832 ,
				   0.476479 1.87014 -0.181263 ,
				   0.527011 1.82247 -0.025494 ,
				   0.448146 1.77753 0.130947 ,
				   0.288667 1.76941 0.180096 ,
				   -0.08537 1.7411 0.238971 ,
				   -0.304983 1.73678 0.307838 ,
				   -0.474956 1.7327 0.21812 ,
				   -0.523762 1.72702 0.085588 ,
				   -0.477089 1.71733 -0.100675 ,
				   -0.297065 1.71935 -0.196696 ,
				   -0.130479 1.72764 -0.147219 ,
				   -0.071227 1.73601 0.042229 ,
				   0.102408 1.68121 0.119724 ,
				   0.077286 1.73158 -0.077286 ,
				   0.119573 1.7908 -0.272465 ,
				   0.30025 1.79484 -0.316409 ,
				   0.472615 1.76352 -0.213544 ,
				   0.521505 1.71739 -0.062837 ,
				   0.441601 1.674 0.088535 ,
				   0.283753 1.65873 0.151651 ,
				   -0.098412 1.6538 0.24552 ,
				   -0.308852 1.63973 0.308212 ,
				   -0.469856 1.63686 0.219095 ,
				   -0.51672 1.63504 0.087656 ,
				   -0.471919 1.62558 -0.092546 ,
				   -0.294585 1.6247 -0.195543 ,
				   -0.129754 1.62457 -0.144128 ,
				   -0.0785 1.64014 0.042866 ,
				   0.167545 0.304594 -0.297325 ,
				   0.132241 0.343146 -0.479515 ,
				   0.17143 0.387216 -0.690434 ,
				   0.31867 0.431607 -0.776811 ,
				   0.441943 0.383644 -0.649748 ,
				   0.489292 0.339352 -0.47963 ,
				   0.432596 0.304786 -0.316432 ,
				   0.313316 0.280445 -0.216247 ,
				   -0.199487 0.226627 0.231561 ,
				   -0.324204 0.230113 0.342352 ,
				   -0.432386 0.228599 0.224854 ,
				   -0.494435 0.227308 0.04945 ,
				   -0.449859 0.221842 -0.143138 ,
				   -0.295995 0.223427 -0.236278 ,
				   -0.182488 0.217406 -0.135884 ,
				   -0.138961 0.22876 0.053712 ,
				   0.271224 2.86835 0.317028 ,
				   0.466271 2.86996 0.216829 ,
				   0.570435 2.87191 0.044184 ,
				   0.498875 2.8507 -0.135873 ,
				   0.312175 2.8253 -0.27807 ,
				   -0.281058 3.17035 -0.276537 ,
				   -0.487362 3.21896 -0.152485 ,
				   -0.576913 3.23585 0.041628 ,
				   -0.45644 3.20199 0.2288 ,
				   -0.277335 3.18372 0.344989 ,
				   -0.010082 3.18634 0.372399 ,
				   0.286276 3.19418 0.336739 ,
				   0.482302 3.20984 0.212537 ,
				   0.571067 3.23335 0.054637 ,
				   0.475055 3.22464 -0.146021 ,
				   0.262073 3.17611 -0.278281 ,
				   -0.005932 3.09047 -0.347672 ,
				   -0.287232 3.49206 -0.181972 ,
				   -0.464087 3.4921 -0.090336 ,
				   -0.519212 3.49216 0.048321 ,
				   -0.438118 3.49223 0.205739 ,
				   -0.248185 3.49227 0.295642 ,
				   -0.009631 3.49228 0.33041 ,
				   0.267074 3.49226 0.287078 ,
				   0.455964 3.49222 0.186417 ,
				   0.523771 3.49216 0.051883 ,
				   0.458386 3.4921 -0.09601 ,
				   0.269496 3.49206 -0.187682 ,
				   -0.010049 3.49202 -0.274116 ,
				   0.222209 0.33298 -0.766122 ,
				   0.37693 0.336833 -0.785778 ,
				   0.472351 0.217761 -0.328041 ,
				   0.328854 0.244403 -0.289087 ,
				   0.179204 0.213358 -0.273693 ,
				   0.31269 0.504284 -0.54107 ,
				   -0.37317 0.14662 -0.197595 ,
				   -0.239547 0.152508 -0.18858 ,
				   -0.179942 0.143047 0.307858 ,
				   -0.334697 0.192554 0.304191 ,
				   -0.463303 0.143112 0.291293 ,
				   -0.309911 0.368494 0.006422 ,
				   0.002438 5.82234 0.328063 ,
				   0.215623 5.5383 -0.049293 ,
				   -0.212618 5.541 -0.044629 ,
				   0.204316 5.78099 0.283642 ,
				   0.123982 5.80368 0.327899 ,
				   0.229323 5.62386 0.097721 ,
				   0.236641 5.71771 0.149672 ,
				   -0.198536 5.78265 0.285428 ,
				   -0.126446 5.84825 0.320443 ,
				   -0.234092 5.72162 0.152517 ,
				   -0.229182 5.62877 0.102085 ,
				   -0.157122 5.42184 -0.108666 ,
				   -0.065012 5.39745 -0.13543 ,
				   0.065586 5.40192 -0.129595 ,
				   0.144485 5.41905 -0.119991 ,
				   0.002409 5.83807 0.351909 ,
				   0.001577 5.91144 0.308239 ,
				   -0.002698 5.99315 0.15985 ,
				   0.217339 5.54515 -0.062425 ,
				   0.229813 5.64258 -0.115097 ,
				   0.218378 5.83938 -0.093821 ,
				   0.15095 5.96895 -0.058798 ,
				   0.076776 5.99381 -0.008253 ,
				   -0.079238 5.99564 -0.003843 ,
				   -0.153886 5.96569 -0.057957 ,
				   -0.214823 5.83936 -0.094876 ,
				   -0.22517 5.64304 -0.113015 ,
				   -0.219422 5.53887 -0.077545 ,
				   0.21444 5.79546 0.274575 ,
				   0.129132 5.81453 0.328935 ,
				   0.235404 5.63151 0.086834 ,
				   0.245982 5.72385 0.139956 ,
				   0.210581 5.91478 0.129716 ,
				   0.137038 5.97325 0.144658 ,
				   -0.131903 5.87305 0.330324 ,
				   -0.214501 5.79291 0.282261 ,
				   -0.129551 5.96662 0.139272 ,
				   -0.207982 5.91237 0.129873 ,
				   -0.243362 5.73912 0.145475 ,
				   -0.237974 5.63788 0.08085 ,
				   -0.151254 5.42655 -0.129369 ,
				   -0.164792 5.6642 -0.188678 ,
				   -0.059824 5.40587 -0.145134 ,
				   -0.075775 5.84449 -0.192209 ,
				   -0.000727 5.65757 -0.220975 ,
				   0.062178 5.40737 -0.154264 ,
				   -0.010297 5.95477 -0.128062 ,
				   0.058328 5.84643 -0.205368 ,
				   0.162501 5.6637 -0.190795 ,
				   0.14409 5.42126 -0.145484 ,
				   -0.0678 5.09092 0.121764 ,
				   -0.211884 5.16986 0.003914 ,
				   -0.178658 5.20058 -0.0591 ,
				   -0.148785 5.22778 -0.120985 ,
				   -0.00808 5.23851 -0.172218 ,
				   0.126671 5.2242 -0.116371 ,
				   0.157094 5.20074 -0.05563 ,
				   0.184736 5.17773 -0.002201 ,
				   0.169323 5.14357 0.054717 ,
				   -0.008822 4.63295 0.300159 ,
				   -0.028717 4.83697 0.240406 ,
				   -0.048349 4.99151 0.18577 ,
				   0.000708 5.5602 0.434282 ,
				   -0.052033 5.53405 0.365408 ,
				   -0.116248 5.42023 0.36257 ,
				   -0.171234 5.43546 0.261586 ,
				   -0.188131 5.45306 0.172426 ,
				   -0.195749 5.48008 0.056714 ,
				   0.055721 5.5317 0.374924 ,
				   0.115838 5.41811 0.360868 ,
				   0.164043 5.43355 0.250835 ,
				   0.185855 5.45101 0.17029 ,
				   0.189836 5.4621 0.057032 ,
				   0.000983 5.61522 0.399058 ,
				   0.001232 5.6991 0.352479 ,
				   0.001427 5.79752 0.348572 ,
				   0.002438 5.82234 0.328063 ,
				   -0.162361 5.40703 -0.024329 ,
				   0.162618 5.41955 -0.024081 ,
				   0.215623 5.5383 -0.049293 ,
				   -0.212618 5.541 -0.044629 ,
				   0.000401 5.41947 0.372363 ,
				   -0.063382 5.33826 0.350614 ,
				   0.06565 5.33757 0.352072 ,
				   -0.092539 5.32934 0.244418 ,
				   0.006401 5.27823 0.232423 ,
				   0.102305 5.32766 0.245767 ,
				   -0.104931 5.3248 0.10228 ,
				   0.100881 5.31207 0.101201 ,
				   0.036081 5.60161 0.373796 ,
				   0.175688 5.61595 0.346095 ,
				   0.097755 5.70954 0.330768 ,
				   -0.696431 3.96513 0.089034 ,
				   -0.811526 3.95515 -0.012507 ,
				   -0.734535 3.14426 0.126021 ,
				   -0.705113 3.16448 0.158648 ,
				   -0.585007 3.18697 0.217776 ,
				   -0.6083 3.2004 0.264581 ,
				   -0.707872 3.17378 0.221897 ,
				   -0.287232 3.49206 -0.181972 ,
				   -0.464087 3.4921 -0.090336 ,
				   -0.519212 3.49216 0.048321 ,
				   -0.438118 3.49223 0.205739 ,
				   -0.248185 3.49227 0.295642 ,
				   -0.009631 3.49228 0.33041 ,
				   0.267074 3.49226 0.287078 ,
				   0.455964 3.49222 0.186417 ,
				   0.523771 3.49216 0.051883 ,
				   0.458386 3.4921 -0.09601 ,
				   0.269496 3.49206 -0.187682 ,
				   -0.010049 3.49202 -0.274116 ,
				   -0.274734 3.57072 -0.183349 ,
				   -0.506163 3.57082 0.044984 ,
				   0.43657 3.56277 -0.100682 ,
				   0.237389 3.57072 -0.186284 ,
				   -0.01985 3.56468 -0.271847 ,
				   -0.42664 3.56528 0.214258 ,
				   -0.235668 3.56532 0.302313 ,
				   -0.452177 3.57372 -0.092791 ,
				   0.502146 3.56283 0.055131 ,
				   0.445035 3.56089 0.216387 ,
				   0.262133 3.56086 0.306936 ,
				   -0.029082 3.56138 0.330484 ,
				   0.222209 0.33298 -0.766122 ,
				   0.37693 0.336833 -0.785778 ,
				   0.472351 0.217761 -0.328041 ,
				   0.328854 0.244403 -0.289087 ,
				   0.179204 0.213358 -0.273693 ,
				   0.142809 0.209783 -0.447328 ,
				   0.165205 0.293592 -0.824034 ,
				   0.280485 0.312774 -0.881672 ,
				   0.405883 0.297397 -0.830243 ,
				   0.479372 0.202878 -0.460503 ,
				   0.521648 0.106765 -0.128828 ,
				   -0.699391 2.81918 0.160333 ,
				   -0.693716 2.81631 0.181622 ,
				   -0.709099 2.7966 0.188154 ,
				   -0.754118 2.87935 0.162879 ,
				   -0.722897 2.89282 0.158894 ,
				   -0.714963 2.8939 0.190768 ,
				   -0.74499 2.88125 0.201844 ,
				   -0.766906 2.97241 0.162729 ,
				   -0.733925 2.97005 0.152833 ,
				   -0.71536 2.94955 0.194672 ,
				   -0.7471 2.94836 0.211408 ,
				   -0.586075 2.72245 0.319712 ,
				   -0.580285 2.75061 0.30042 ,
				   -0.554047 2.75568 0.325606 ,
				   -0.56069 2.72667 0.344595 ,
				   -0.651318 2.81556 0.343139 ,
				   -0.626414 2.83688 0.313168 ,
				   -0.592857 2.84829 0.347661 ,
				   -0.616909 2.82747 0.378659 ,
				   -0.665095 2.94523 0.319364 ,
				   -0.635552 2.94606 0.286219 ,
				   -0.516957 2.90383 0.383921 ,
				   -0.524167 2.89944 0.404845 ,
				   -0.560631 2.90174 0.386006 ,
				   -0.543261 2.9038 0.371898 ,
				   -0.520103 2.98214 0.358821 ,
				   -0.54634 2.99707 0.39596 ,
				   -0.593456 2.97821 0.36401 ,
				   -0.56281 2.97889 0.333352 ,
				   -0.537243 3.04048 0.318568 ,
				   -0.559485 3.07119 0.348574 ,
				   -0.612668 2.99247 0.336098 ,
				   -0.580635 3.00126 0.321209 ,
				   -0.653409 3.15939 0.185414 ,
				   -0.788062 4.00266 -0.155983 ,
				   -0.590719 3.97632 -0.133824 ,
				   -0.585521 3.98317 0.025349 ,
				   -0.69916 3.98772 0.090287 ,
				   -0.817399 4.004 -0.020464 ,
				   -0.791444 3.94869 -0.146527 ,
				   -0.597454 3.92313 -0.108198 ,
				   -0.589212 3.94577 0.045497 ,
				   0.217894 5.596 0.25974 ,
				   0.204316 5.78099 0.283642 ,
				   0.123982 5.80368 0.327899 ,
				   0.229323 5.62386 0.097721 ,
				   0.236641 5.71771 0.149672 ,
				   -0.032068 5.60352 0.372597 ,
				   -0.095453 5.71017 0.334089 ,
				   -0.170012 5.61539 0.347689 ,
				   -0.114803 5.80338 0.32872 ,
				   -0.198536 5.78265 0.285428 ,
				   -0.217786 5.58897 0.260223 ,
				   -0.126446 5.84825 0.320443 ,
				   -0.234092 5.72162 0.152517 ,
				   -0.229182 5.62877 0.102085 ,
				   -0.157122 5.42184 -0.108666 ,
				   -0.065012 5.39745 -0.13543 ,
				   0.065586 5.40192 -0.129595 ,
				   0.144485 5.41905 -0.119991 ,
				   0.00406 5.26355 0.158156 ,
				   -0.151549 5.22659 -0.024971 ,
				   0.148933 5.23096 -0.022214 ,
				   -0.099434 5.18883 0.092079 ,
				   0.111072 5.18855 0.096316 ,
				   -0.122228 5.25347 -0.088749 ,
				   -0.066116 5.26866 -0.113195 ,
				   0.061811 5.2656 -0.115168 ,
				   0.117367 5.25872 -0.07994 ,
				   0.001509 5.17529 0.122131 ,
				   0.010285 4.84233 0.239027 ,
				   0.032781 4.99385 0.185106 ,
				   0.053583 5.09131 0.122368 ,
				   0.703278 4.37465 -0.154548 ,
				   0.542862 4.27493 -0.072085 ,
				   0.608453 4.28023 0.124512 ,
				   0.724294 4.32791 0.115423 ,
				   0.77151 4.37797 0.001398 ,
				   0.618388 2.94505 0.76338 ,
				   0.640781 2.92986 0.778894 ,
				   0.626604 2.94518 0.802028 ,
				   0.605682 2.95755 0.781275 ,
				   0.659252 3.01682 0.721752 ,
				   0.699869 3.01917 0.732309 ,
				   0.42276 0.068179 0.03919 ,
				   0.265034 0.066036 0.054089 ,
				   0.148411 0.101539 -0.104487 ,
				   0.124024 0.18095 -0.666752 ,
				   0.144692 0.209091 -0.843667 ,
				   0.27842 0.220852 -0.904122 ,
				   0.416224 0.205366 -0.85339 ,
				   0.472831 0.177342 -0.68406 ,
				   0.530373 0.040764 -0.18994 ,
				   0.440219 -0.006306 0.066037 ,
				   0.247412 -0.00922 0.103897 ,
				   0.13491 0.042583 -0.152329 ,
				   -0.37317 0.14662 -0.197595 ,
				   -0.239547 0.152508 -0.18858 ,
				   -0.179942 0.143047 0.307858 ,
				   -0.334697 0.192554 0.304191 ,
				   -0.463303 0.143112 0.291293 ,
				   -0.498864 0.100525 0.125264 ,
				   -0.420203 0.101991 -0.246179 ,
				   -0.296725 0.102144 -0.285348 ,
				   -0.19453 0.104441 -0.235779 ,
				   -0.166232 0.097806 0.185263 ,
				   -0.176282 0.090037 0.51668 ,
				   -0.309942 0.078938 0.697409 ,
				   -0.460096 0.076804 0.648914 ,
				   -0.527045 0.085631 0.486532 ,
				   -0.472354 0.020876 -0.080533 ,
				   -0.420203 0.007344 -0.246552 ,
				   -0.296725 0.007498 -0.285719 ,
				   -0.166611 0.007298 -0.234575 ,
				   -0.143441 0.020623 -0.017522 ,
				   -0.158777 0.004493 0.479773 ,
				   -0.297602 0.014057 0.753352 ,
				   -0.493877 0.010632 0.713498 ,
				   -0.534972 0.009594 0.449302 ,
				   -0.424555 3.70652 0.261602 ,
				   -0.251228 3.701 0.323886 ,
				   -0.509247 3.71843 0.083043 ,
				   -0.524018 4.58504 0.19487 ,
				   -0.328285 4.61601 0.296525 ,
				   -0.529218 4.89248 0.184997 ,
				   -0.339697 4.89175 0.243026 ,
				   0.681732 3.04713 0.770185 ,
				   0.644601 3.03895 0.752398 ,
				   0.685294 3.11688 0.631323 ,
				   0.71955 3.12079 0.643198 ,
				   0.570091 2.95939 0.812954 ,
				   0.591294 2.94299 0.830881 ,
				   0.576063 2.95952 0.854571 ,
				   0.555317 2.97531 0.834442 ,
				   0.634485 3.04332 0.773416 ,
				   0.672682 3.05177 0.797937 ,
				   0.646706 3.0785 0.827732 ,
				   0.609351 3.06922 0.802239 ,
				   0.652485 3.13593 0.677253 ,
				   0.685776 3.14731 0.703006 ,
				   0.66132 2.98696 0.678025 ,
				   0.680049 2.97207 0.685664 ,
				   0.673541 2.98274 0.707764 ,
				   0.654807 2.99588 0.695639 ,
				   0.686789 3.04315 0.636895 ,
				   0.720802 3.03901 0.638971 ,
				   0.716567 3.06163 0.672274 ,
				   0.683128 3.06106 0.664304 ,
				   0.702695 3.10955 0.58685 ,
				   0.736546 3.11443 0.593938 ,
				   0.541125 3.01733 0.863676 ,
				   0.555123 3.00281 0.887695 ,
				   0.535303 3.02162 0.904122 ,
				   0.52217 3.03514 0.878294 ,
				   0.600466 3.07905 0.820939 ,
				   0.633198 3.08501 0.846545 ,
				   0.603552 3.11909 0.874682 ,
				   0.571547 3.11212 0.848419 ,
				   0.615575 3.16558 0.713243 ,
				   0.64412 3.18318 0.741732 ,
				   0.532854 3.17088 0.854691 ,
				   0.524096 3.16672 0.835502 ,
				   0.546505 3.16018 0.824138 ,
				   0.564901 3.16165 0.835683 ,
				   0.552477 3.2685 0.795775 ,
				   0.525641 3.24731 0.773414 ,
				   0.563678 3.21697 0.74911 ,
				   0.593612 3.23947 0.766135 ,
				   0.554398 3.31438 0.721504 ,
				   0.526576 3.27838 0.712155 ,
				   0.579714 3.23476 0.730403 ,
				   0.604263 3.25078 0.751504 ,
				   0.628802 3.29499 0.531596 ,
				   0.670328 3.25577 0.472176 ,
				   0.568237 3.3168 0.564589 ,
				   0.587284 3.37419 0.594612 ,
				   0.690591 3.32485 0.566143 ,
				   0.711531 3.27532 0.491558 ,
				   0.721724 3.86701 -0.07897 ,
				   0.581471 3.93636 0.074994 ,
				   0.810831 3.96166 0.040051 ,
				   0.726929 4.0059 -0.138466 ,
				   0.580318 3.98714 0.03046 ,
				   0.648362 4.00559 0.134464 ,
				   0.719052 4.0163 0.132476 ,
				   0.813107 4.03915 0.024681 ,
				   -0.715576 4.39502 -0.16697 ,
				   -0.570254 4.35527 -0.144791 ,
				   -0.538143 4.30856 0.029427 ,
				   -0.692861 4.36062 0.096877 ,
				   -0.772358 4.37871 -5.6e-005 ,
				   -0.671429 2.7085 0.21479 ,
				   -0.653999 2.73286 0.203568 ,
				   -0.640399 2.7303 0.227052 ,
				   -0.656805 2.70551 0.240892 ,
				   -0.729073 2.80729 0.227285 ,
				   -0.691704 2.82269 0.211962 ,
				   -0.673106 2.82499 0.247903 ,
				   -0.704872 2.8109 0.272103 ,
				   -0.62722 2.69228 0.264101 ,
				   -0.608529 2.72791 0.243995 ,
				   -0.590496 2.71975 0.275842 ,
				   -0.605582 2.69006 0.291572 ,
				   -0.699662 2.79755 0.290389 ,
				   -0.667072 2.81635 0.259655 ,
				   -0.634526 2.82011 0.29541 ,
				   -0.666117 2.80126 0.32717 ,
				   -0.71664 2.93384 0.26905 ,
				   -0.685786 2.93723 0.236098 ,
				   -0.714737 2.79989 0.165041 ,
				   -0.541635 5.01398 0.105782 ,
				   -0.332418 5.04369 0.174271 ,
				   -0.0678 5.09092 0.121764 ,
				   -0.211884 5.16986 0.003914 ,
				   -0.45975 3.68919 -0.114632 ,
				   -0.319307 3.6958 -0.230309 ,
				   -0.437887 4.59591 -0.324439 ,
				   -0.51121 4.92054 -0.284094 ,
				   -0.554371 5.03838 -0.165446 ,
				   -0.425542 5.07233 -0.252717 ,
				   -0.178658 5.20058 -0.0591 ,
				   -0.148785 5.22778 -0.120985 ,
				   -0.000758 3.70385 -0.316064 ,
				   0.324977 3.70664 -0.28313 ,
				   -0.014385 4.59449 -0.344434 ,
				   0.430227 4.60509 -0.334246 ,
				   -0.011103 4.91965 -0.325219 ,
				   0.481742 4.91427 -0.294968 ,
				   -0.009581 5.08688 -0.275192 ,
				   0.419005 5.06402 -0.220469 ,
				   -0.00808 5.23851 -0.172218 ,
				   0.126671 5.2242 -0.116371 ,
				   0.469172 3.69959 -0.201164 ,
				   0.506112 3.70735 0.079752 ,
				   0.561653 5.00499 -0.170046 ,
				   0.157094 5.20074 -0.05563 ,
				   0.184736 5.17773 -0.002201 ,
				   0.425868 3.70534 0.280834 ,
				   0.242656 3.68349 0.330003 ,
				   0.510912 4.58736 0.185578 ,
				   0.500302 4.88363 0.19504 ,
				   0.515451 5.01884 0.105779 ,
				   0.169323 5.14357 0.054717 ,
				   -0.027766 3.68477 0.345468 ,
				   -0.008822 4.63295 0.300159 ,
				   -0.028717 4.83697 0.240406 ,
				   -0.048349 4.99151 0.18577 ,
				   0.763646 4.25704 -0.170125 ,
				   0.52719 4.181 -0.180385 ,
				   0.552734 4.18453 0.121095 ,
				   0.745992 4.23024 0.151161 ,
				   0.837847 4.27253 0.013995 ]
			 }
			 normalIndex [  ]
			 texCoordIndex [  ]
		  }
		 } ,
		   
		 DEF xman_ObjXForm_TGS3 Transform {
		  children [ 
			 Shape {
			  appearance 
			  Appearance {
				 material 
				 Material {
				  diffuseColor 0.6863 0.5647 0.4392
				  specularColor 1 1 1
				  shininess 0.5078
				 }
			  }
			  geometry 
			  DEF _2_TGS4 IndexedFaceSet {
				 coord 
				 USE xman_Points_TGS0
				 coordIndex [ 213 , 208 , 207 , -1 , 226 , 209 , 208 , -1 ,
				    213 , 226 , 208 , -1 , 214 , 226 , 213 , -1 ,
				    227 , 210 , 209 , -1 , 226 , 227 , 209 , -1 ,
				    228 , 227 , 226 , -1 , 214 , 228 , 226 , -1 ,
				    215 , 228 , 214 , -1 , 229 , 211 , 210 , -1 ,
				    227 , 229 , 210 , -1 , 230 , 229 , 227 , -1 ,
				    228 , 230 , 227 , -1 , 231 , 230 , 228 , -1 ,
				    215 , 231 , 228 , -1 , 216 , 231 , 215 , -1 ,
				    232 , 212 , 211 , -1 , 229 , 232 , 211 , -1 ,
				    216 , 233 , 231 , -1 , 217 , 233 , 216 , -1 ,
				    232 , 222 , 212 , -1 , 217 , 223 , 233 , -1 ,
				    218 , 213 , 207 , -1 , 234 , 214 , 213 , -1 ,
				    218 , 234 , 213 , -1 , 219 , 234 , 218 , -1 ,
				    235 , 215 , 214 , -1 , 234 , 235 , 214 , -1 ,
				    236 , 235 , 234 , -1 , 219 , 236 , 234 , -1 ,
				    220 , 236 , 219 , -1 , 321 , 216 , 215 , -1 ,
				    235 , 321 , 215 , -1 , 322 , 321 , 235 , -1 ,
				    236 , 322 , 235 , -1 , 323 , 322 , 236 , -1 ,
				    220 , 323 , 236 , -1 , 221 , 323 , 220 , -1 ,
				    324 , 217 , 216 , -1 , 321 , 324 , 216 , -1 ,
				    325 , 324 , 321 , -1 , 322 , 325 , 321 , -1 ,
				    324 , 224 , 217 , -1 , 208 , 218 , 207 , -1 ,
				    326 , 219 , 218 , -1 , 208 , 326 , 218 , -1 ,
				    209 , 326 , 208 , -1 , 327 , 220 , 219 , -1 ,
				    326 , 327 , 219 , -1 , 328 , 327 , 326 , -1 ,
				    209 , 328 , 326 , -1 , 210 , 328 , 209 , -1 ,
				    329 , 221 , 220 , -1 , 327 , 329 , 220 , -1 ,
				    330 , 329 , 327 , -1 , 328 , 330 , 327 , -1 ,
				    331 , 330 , 328 , -1 , 210 , 331 , 328 , -1 ,
				    211 , 331 , 210 , -1 , 329 , 332 , 221 , -1 ,
				    330 , 332 , 329 , -1 , 331 , 333 , 330 , -1 ,
				    334 , 333 , 331 , -1 , 211 , 334 , 331 , -1 ,
				    212 , 334 , 211 , -1 , 212 , 225 , 334 , -1 ,
				    222 , 335 , 225 , -1 , 223 , 224 , 338 , -1 ,
				    223 , 217 , 224 , -1 , 212 , 222 , 225 , -1 ,
				    230 , 231 , 233 , -1 , 229 , 230 , 232 , -1 ,
				    339 , 230 , 233 , -1 , 230 , 339 , 232 , -1 ,
				    348 , 342 , 339 , -1 , 343 , 348 , 339 , -1 ,
				    343 , 339 , 233 , -1 , 341 , 343 , 233 , -1 ,
				    341 , 233 , 223 , -1 , 347 , 341 , 223 , -1 ,
				    347 , 223 , 338 , -1 , 346 , 347 , 338 , -1 ,
				    346 , 338 , 337 , -1 , 342 , 232 , 339 , -1 ,
				    342 , 340 , 232 , -1 , 340 , 222 , 232 , -1 ,
				    340 , 344 , 222 , -1 , 344 , 335 , 222 , -1 ,
				    344 , 345 , 335 , -1 , 345 , 336 , 335 , -1 ,
				    346 , 337 , 336 , -1 , 345 , 346 , 336 , -1 ,
				    204 , 205 , 349 , -1 , 349 , 205 , 206 , -1 ,
				    349 , 206 , 350 , -1 , 350 , 206 , 195 , -1 ,
				    350 , 195 , 351 , -1 , 195 , 342 , 348 , -1 ,
				    351 , 195 , 348 , -1 , 351 , 348 , 343 , -1 ,
				    203 , 351 , 343 , -1 , 201 , 202 , 341 , -1 ,
				    202 , 203 , 343 , -1 , 202 , 343 , 341 , -1 ,
				    201 , 341 , 347 , -1 , 200 , 201 , 347 , -1 ,
				    199 , 346 , 345 , -1 , 200 , 347 , 346 , -1 ,
				    199 , 200 , 346 , -1 , 198 , 199 , 345 , -1 ,
				    198 , 345 , 344 , -1 , 198 , 344 , 340 , -1 ,
				    197 , 198 , 340 , -1 , 196 , 197 , 340 , -1 ,
				    196 , 340 , 342 , -1 , 195 , 196 , 342 , -1 ,
				    358 , 361 , 357 , -1 , 358 , 362 , 361 , -1 ,
				    359 , 362 , 358 , -1 , 359 , 405 , 362 , -1 ,
				    360 , 405 , 359 , -1 , 360 , 406 , 405 , -1 ,
				    357 , 406 , 360 , -1 , 357 , 361 , 406 , -1 ,
				    362 , 407 , 361 , -1 , 362 , 408 , 407 , -1 ,
				    405 , 408 , 362 , -1 , 405 , 418 , 408 , -1 ,
				    406 , 418 , 405 , -1 , 406 , 417 , 418 , -1 ,
				    361 , 417 , 406 , -1 , 361 , 407 , 417 , -1 ,
				    358 , 357 , 360 , -1 , 360 , 359 , 358 , -1 ,
				    410 , 413 , 409 , -1 , 410 , 414 , 413 , -1 ,
				    411 , 414 , 410 , -1 , 411 , 415 , 414 , -1 ,
				    412 , 415 , 411 , -1 , 412 , 416 , 415 , -1 ,
				    409 , 416 , 412 , -1 , 409 , 413 , 416 , -1 ,
				    414 , 417 , 413 , -1 , 414 , 418 , 417 , -1 ,
				    415 , 418 , 414 , -1 , 415 , 438 , 418 , -1 ,
				    416 , 438 , 415 , -1 , 416 , 437 , 438 , -1 ,
				    413 , 437 , 416 , -1 , 413 , 417 , 437 , -1 ,
				    410 , 409 , 412 , -1 , 412 , 411 , 410 , -1 ,
				    420 , 423 , 419 , -1 , 420 , 424 , 423 , -1 ,
				    421 , 424 , 420 , -1 , 421 , 425 , 424 , -1 ,
				    422 , 425 , 421 , -1 , 422 , 426 , 425 , -1 ,
				    419 , 426 , 422 , -1 , 419 , 423 , 426 , -1 ,
				    424 , 427 , 423 , -1 , 424 , 428 , 427 , -1 ,
				    425 , 428 , 424 , -1 , 425 , 408 , 428 , -1 ,
				    426 , 408 , 425 , -1 , 426 , 407 , 408 , -1 ,
				    423 , 407 , 426 , -1 , 423 , 427 , 407 , -1 ,
				    420 , 419 , 422 , -1 , 422 , 421 , 420 , -1 ,
				    430 , 433 , 429 , -1 , 430 , 434 , 433 , -1 ,
				    431 , 434 , 430 , -1 , 431 , 435 , 434 , -1 ,
				    432 , 435 , 431 , -1 , 432 , 436 , 435 , -1 ,
				    429 , 436 , 432 , -1 , 429 , 433 , 436 , -1 ,
				    434 , 437 , 433 , -1 , 434 , 438 , 437 , -1 ,
				    435 , 438 , 434 , -1 , 435 , 450 , 438 , -1 ,
				    436 , 450 , 435 , -1 , 436 , 449 , 450 , -1 ,
				    433 , 449 , 436 , -1 , 433 , 437 , 449 , -1 ,
				    430 , 429 , 432 , -1 , 432 , 431 , 430 , -1 ,
				    440 , 443 , 439 , -1 , 440 , 444 , 443 , -1 ,
				    441 , 444 , 440 , -1 , 441 , 445 , 444 , -1 ,
				    442 , 445 , 441 , -1 , 442 , 446 , 445 , -1 ,
				    439 , 446 , 442 , -1 , 439 , 443 , 446 , -1 ,
				    444 , 447 , 443 , -1 , 444 , 448 , 447 , -1 ,
				    445 , 448 , 444 , -1 , 445 , 449 , 448 , -1 ,
				    446 , 449 , 445 , -1 , 446 , 450 , 449 , -1 ,
				    443 , 450 , 446 , -1 , 443 , 447 , 450 , -1 ,
				    440 , 439 , 442 , -1 , 442 , 441 , 440 , -1 ,
				    450 , 447 , 455 , -1 , 438 , 450 , 455 , -1 ,
				    418 , 438 , 455 , -1 , 408 , 418 , 455 , -1 ,
				    428 , 408 , 455 , -1 , 451 , 449 , 437 , -1 ,
				    451 , 437 , 417 , -1 , 451 , 417 , 407 , -1 ,
				    451 , 407 , 427 , -1 , 455 , 447 , 454 , -1 ,
				    456 , 428 , 455 , -1 , 427 , 452 , 451 , -1 ,
				    448 , 451 , 453 , -1 , 452 , 427 , 428 , -1 ,
				    452 , 428 , 456 , -1 , 448 , 453 , 454 , -1 ,
				    448 , 454 , 447 , -1 , 451 , 448 , 449 , -1 ,
				    462 , 454 , 453 , -1 , 458 , 462 , 453 , -1 ,
				    463 , 455 , 454 , -1 , 462 , 463 , 454 , -1 ,
				    459 , 456 , 455 , -1 , 463 , 459 , 455 , -1 ,
				    457 , 452 , 456 , -1 , 459 , 457 , 456 , -1 ,
				    461 , 458 , 457 , -1 , 460 , 461 , 457 , -1 ,
				    461 , 462 , 458 , -1 , 464 , 459 , 463 , -1 ,
				    460 , 457 , 459 , -1 , 464 , 460 , 459 , -1 ,
				    451 , 457 , 458 , -1 , 451 , 452 , 457 , -1 ,
				    453 , 451 , 458 , -1 , 463 , 462 , 354 , -1 ,
				    463 , 354 , 355 , -1 , 463 , 355 , 356 , -1 ,
				    464 , 463 , 356 , -1 , 464 , 356 , 352 , -1 ,
				    460 , 464 , 352 , -1 , 460 , 352 , 353 , -1 ,
				    461 , 460 , 353 , -1 , 461 , 353 , 354 , -1 ,
				    462 , 461 , 354 , -1 , 471 , 474 , 470 , -1 ,
				    471 , 475 , 474 , -1 , 472 , 475 , 471 , -1 ,
				    472 , 476 , 475 , -1 , 473 , 476 , 472 , -1 ,
				    473 , 477 , 476 , -1 , 470 , 477 , 473 , -1 ,
				    470 , 474 , 477 , -1 , 475 , 289 , 474 , -1 ,
				    475 , 288 , 289 , -1 , 476 , 288 , 475 , -1 ,
				    476 , 487 , 288 , -1 , 477 , 487 , 476 , -1 ,
				    477 , 486 , 487 , -1 , 474 , 486 , 477 , -1 ,
				    474 , 289 , 486 , -1 , 471 , 470 , 473 , -1 ,
				    473 , 472 , 471 , -1 , 479 , 482 , 478 , -1 ,
				    479 , 483 , 482 , -1 , 480 , 483 , 479 , -1 ,
				    480 , 484 , 483 , -1 , 481 , 484 , 480 , -1 ,
				    481 , 485 , 484 , -1 , 478 , 485 , 481 , -1 ,
				    478 , 482 , 485 , -1 , 483 , 486 , 482 , -1 ,
				    483 , 487 , 486 , -1 , 484 , 487 , 483 , -1 ,
				    484 , 299 , 487 , -1 , 485 , 299 , 484 , -1 ,
				    485 , 298 , 299 , -1 , 482 , 298 , 485 , -1 ,
				    482 , 486 , 298 , -1 , 479 , 478 , 481 , -1 ,
				    481 , 480 , 479 , -1 , 279 , 282 , 488 , -1 ,
				    279 , 283 , 282 , -1 , 280 , 283 , 279 , -1 ,
				    280 , 284 , 283 , -1 , 281 , 284 , 280 , -1 ,
				    281 , 285 , 284 , -1 , 488 , 285 , 281 , -1 ,
				    488 , 282 , 285 , -1 , 283 , 286 , 282 , -1 ,
				    283 , 287 , 286 , -1 , 284 , 287 , 283 , -1 ,
				    284 , 288 , 287 , -1 , 285 , 288 , 284 , -1 ,
				    285 , 289 , 288 , -1 , 282 , 289 , 285 , -1 ,
				    282 , 286 , 289 , -1 , 279 , 488 , 281 , -1 ,
				    281 , 280 , 279 , -1 , 291 , 294 , 290 , -1 ,
				    291 , 295 , 294 , -1 , 292 , 295 , 291 , -1 ,
				    292 , 296 , 295 , -1 , 293 , 296 , 292 , -1 ,
				    293 , 297 , 296 , -1 , 290 , 297 , 293 , -1 ,
				    290 , 294 , 297 , -1 , 295 , 298 , 294 , -1 ,
				    295 , 299 , 298 , -1 , 296 , 299 , 295 , -1 ,
				    296 , 311 , 299 , -1 , 297 , 311 , 296 , -1 ,
				    297 , 310 , 311 , -1 , 294 , 310 , 297 , -1 ,
				    294 , 298 , 310 , -1 , 291 , 290 , 293 , -1 ,
				    293 , 292 , 291 , -1 , 301 , 304 , 300 , -1 ,
				    301 , 305 , 304 , -1 , 302 , 305 , 301 , -1 ,
				    302 , 306 , 305 , -1 , 303 , 306 , 302 , -1 ,
				    303 , 307 , 306 , -1 , 300 , 307 , 303 , -1 ,
				    300 , 304 , 307 , -1 , 305 , 308 , 304 , -1 ,
				    305 , 309 , 308 , -1 , 306 , 309 , 305 , -1 ,
				    306 , 310 , 309 , -1 , 307 , 310 , 306 , -1 ,
				    307 , 311 , 310 , -1 , 304 , 311 , 307 , -1 ,
				    304 , 308 , 311 , -1 , 301 , 300 , 303 , -1 ,
				    303 , 302 , 301 , -1 , 289 , 286 , 243 , -1 ,
				    486 , 289 , 243 , -1 , 298 , 486 , 243 , -1 ,
				    310 , 298 , 243 , -1 , 309 , 310 , 243 , -1 ,
				    312 , 287 , 288 , -1 , 312 , 288 , 487 , -1 ,
				    312 , 487 , 299 , -1 , 312 , 299 , 311 , -1 ,
				    312 , 311 , 308 , -1 , 242 , 309 , 243 , -1 ,
				    312 , 308 , 241 , -1 , 287 , 312 , 240 , -1 ,
				    239 , 243 , 286 , -1 , 308 , 309 , 242 , -1 ,
				    308 , 242 , 241 , -1 , 287 , 240 , 239 , -1 ,
				    286 , 287 , 239 , -1 , 319 , 314 , 313 , -1 ,
				    318 , 319 , 313 , -1 , 320 , 315 , 314 , -1 ,
				    319 , 320 , 314 , -1 , 237 , 316 , 315 , -1 ,
				    320 , 237 , 315 , -1 , 238 , 317 , 316 , -1 ,
				    237 , 238 , 316 , -1 , 318 , 313 , 317 , -1 ,
				    238 , 318 , 317 , -1 , 240 , 319 , 318 , -1 ,
				    239 , 240 , 318 , -1 , 242 , 237 , 320 , -1 ,
				    241 , 242 , 320 , -1 , 243 , 238 , 237 , -1 ,
				    242 , 243 , 237 , -1 , 239 , 318 , 238 , -1 ,
				    243 , 239 , 238 , -1 , 319 , 312 , 320 , -1 ,
				    319 , 240 , 312 , -1 , 320 , 312 , 241 , -1 ,
				    316 , 317 , 469 , -1 , 316 , 469 , 468 , -1 ,
				    313 , 465 , 469 , -1 , 317 , 313 , 469 , -1 ,
				    314 , 466 , 465 , -1 , 313 , 314 , 465 , -1 ,
				    315 , 467 , 466 , -1 , 314 , 315 , 466 , -1 ,
				    316 , 468 , 467 , -1 , 315 , 316 , 467 , -1 ]
				 normalIndex [  ]
				 texCoordIndex [  ]
				 ccw FALSE
				 convex TRUE
				 creaseAngle 1.56207
			  }
			 } ,
			   
			 Shape {
			  appearance 
			  Appearance {
				 material 
				 Material {
				  diffuseColor 0.1098 0.0431 0.0157
				  specularColor 1 1 1
				  shininess 0.5078
				 }
			  }
			  geometry 
			  DEF _3_TGS5 IndexedFaceSet {
				 coord 
				 USE xman_Points_TGS0
				 coordIndex [ 263 , 245 , 244 , -1 , 256 , 263 , 244 , -1 ,
				    257 , 246 , 245 , -1 , 263 , 257 , 245 , -1 ,
				    261 , 247 , 246 , -1 , 257 , 261 , 246 , -1 ,
				    262 , 248 , 247 , -1 , 261 , 262 , 247 , -1 ,
				    264 , 252 , 251 , -1 , 258 , 253 , 252 , -1 ,
				    264 , 258 , 252 , -1 , 259 , 254 , 253 , -1 ,
				    258 , 259 , 253 , -1 , 260 , 255 , 254 , -1 ,
				    259 , 260 , 254 , -1 , 256 , 244 , 255 , -1 ,
				    260 , 256 , 255 , -1 , 249 , 267 , 266 , -1 ,
				    248 , 262 , 267 , -1 , 249 , 248 , 267 , -1 ,
				    250 , 249 , 266 , -1 , 265 , 250 , 266 , -1 ,
				    251 , 250 , 265 , -1 , 251 , 265 , 264 , -1 ]
				 normalIndex [  ]
				 texCoordIndex [  ]
				 ccw FALSE
				 convex TRUE
				 creaseAngle 1.56207
			  }
			 } ,
			   
			 Shape {
			  appearance 
			  Appearance {
				 material 
				 Material {
				  diffuseColor 0.3294 0.3373 0.6
				  specularColor 1 1 1
				  shininess 0.5078
				 }
			  }
			  geometry 
			  DEF _4_TGS6 IndexedFaceSet {
				 coord 
				 USE xman_Points_TGS0
				 coordIndex [ 363 , 271 , 270 , -1 , 278 , 363 , 270 , -1 ,
				    365 , 272 , 271 , -1 , 364 , 365 , 271 , -1 ,
				    367 , 274 , 273 , -1 , 366 , 367 , 273 , -1 ,
				    368 , 275 , 274 , -1 , 367 , 368 , 274 , -1 ,
				    369 , 276 , 275 , -1 , 368 , 369 , 275 , -1 ,
				    370 , 277 , 276 , -1 , 369 , 370 , 276 , -1 ,
				    371 , 278 , 277 , -1 , 370 , 371 , 277 , -1 ,
				    372 , 363 , 278 , -1 , 371 , 372 , 278 , -1 ,
				    373 , 364 , 363 , -1 , 372 , 373 , 363 , -1 ,
				    374 , 365 , 364 , -1 , 373 , 374 , 364 , -1 ,
				    366 , 273 , 365 , -1 , 374 , 366 , 365 , -1 ,
				    278 , 270 , 277 , -1 , 276 , 277 , 269 , -1 ,
				    275 , 276 , 269 , -1 , 274 , 275 , 268 , -1 ,
				    275 , 269 , 268 , -1 , 273 , 274 , 268 , -1 ,
				    365 , 273 , 272 , -1 , 273 , 268 , 272 , -1 ,
				    277 , 270 , 269 , -1 , 363 , 364 , 271 , -1 ,
				    386 , 378 , 377 , -1 , 385 , 386 , 377 , -1 ,
				    388 , 379 , 378 , -1 , 387 , 388 , 378 , -1 ,
				    390 , 381 , 380 , -1 , 389 , 390 , 380 , -1 ,
				    391 , 382 , 381 , -1 , 390 , 391 , 381 , -1 ,
				    392 , 383 , 382 , -1 , 391 , 392 , 382 , -1 ,
				    393 , 384 , 383 , -1 , 392 , 393 , 383 , -1 ,
				    394 , 385 , 384 , -1 , 393 , 394 , 384 , -1 ,
				    395 , 386 , 385 , -1 , 394 , 395 , 385 , -1 ,
				    396 , 387 , 386 , -1 , 395 , 396 , 386 , -1 ,
				    397 , 388 , 387 , -1 , 396 , 397 , 387 , -1 ,
				    389 , 380 , 388 , -1 , 397 , 389 , 388 , -1 ,
				    385 , 377 , 384 , -1 , 383 , 384 , 376 , -1 ,
				    382 , 383 , 376 , -1 , 381 , 382 , 375 , -1 ,
				    382 , 376 , 375 , -1 , 380 , 381 , 375 , -1 ,
				    388 , 380 , 379 , -1 , 380 , 375 , 379 , -1 ,
				    384 , 377 , 376 , -1 , 386 , 387 , 378 , -1 ]
				 normalIndex [  ]
				 texCoordIndex [  ]
				 ccw FALSE
				 convex TRUE
				 creaseAngle 1.56207
			  }
			 } ,
			   
			 Shape {
			  appearance 
			  Appearance {
				 material 
				 Material {
				  diffuseColor 0.6078 0.6078 0.6078
				  specularColor 1 1 1
				  shininess 0.5078
				 }
			  }
			  geometry 
			  DEF _5_TGS7 IndexedFaceSet {
				 coord 
				 USE xman_Points_TGS0
				 coordIndex [ 24 , 23 , 398 , -1 , 398 , 399 , 24 , -1 ,
				    23 , 19 , 400 , -1 , 400 , 398 , 23 , -1 ,
				    399 , 398 , 401 , -1 , 401 , 402 , 399 , -1 ,
				    398 , 400 , 401 , -1 , 402 , 401 , 403 , -1 ,
				    403 , 404 , 402 , -1 , 6 , 403 , 401 , -1 ,
				    404 , 403 , 489 , -1 , 489 , 490 , 404 , -1 ,
				    403 , 6 , 7 , -1 , 7 , 489 , 403 , -1 ,
				    490 , 489 , 491 , -1 , 489 , 7 , 492 , -1 ,
				    492 , 491 , 489 , -1 , 19 , 25 , 493 , -1 ,
				    493 , 400 , 19 , -1 , 25 , 18 , 494 , -1 ,
				    494 , 493 , 25 , -1 , 400 , 493 , 5 , -1 ,
				    5 , 401 , 400 , -1 , 493 , 494 , 495 , -1 ,
				    495 , 5 , 493 , -1 , 5 , 495 , 496 , -1 ,
				    496 , 4 , 5 , -1 , 4 , 496 , 498 , -1 ,
				    498 , 497 , 4 , -1 , 7 , 497 , 499 , -1 ,
				    499 , 492 , 7 , -1 , 497 , 498 , 500 , -1 ,
				    500 , 499 , 497 , -1 , 18 , 22 , 501 , -1 ,
				    501 , 494 , 18 , -1 , 22 , 21 , 502 , -1 ,
				    502 , 501 , 22 , -1 , 494 , 501 , 503 , -1 ,
				    503 , 495 , 494 , -1 , 501 , 502 , 504 , -1 ,
				    504 , 503 , 501 , -1 , 495 , 503 , 505 , -1 ,
				    505 , 496 , 495 , -1 , 503 , 504 , 506 , -1 ,
				    506 , 505 , 503 , -1 , 496 , 505 , 507 , -1 ,
				    507 , 498 , 496 , -1 , 505 , 506 , 508 , -1 ,
				    508 , 507 , 505 , -1 , 498 , 507 , 509 , -1 ,
				    509 , 500 , 498 , -1 , 507 , 508 , 510 , -1 ,
				    510 , 509 , 507 , -1 , 21 , 20 , 511 , -1 ,
				    511 , 502 , 21 , -1 , 20 , 26 , 512 , -1 ,
				    512 , 511 , 20 , -1 , 502 , 511 , 1 , -1 ,
				    1 , 504 , 502 , -1 , 511 , 512 , 518 , -1 ,
				    518 , 1 , 511 , -1 , 504 , 1 , 0 , -1 ,
				    0 , 506 , 504 , -1 , 506 , 0 , 513 , -1 ,
				    513 , 508 , 506 , -1 , 508 , 513 , 514 , -1 ,
				    514 , 510 , 508 , -1 , 513 , 3 , 515 , -1 ,
				    515 , 514 , 513 , -1 , 26 , 27 , 516 , -1 ,
				    516 , 512 , 26 , -1 , 27 , 28 , 517 , -1 ,
				    517 , 516 , 27 , -1 , 512 , 516 , 518 , -1 ,
				    516 , 517 , 13 , -1 , 13 , 518 , 516 , -1 ,
				    519 , 2 , 518 , -1 , 518 , 13 , 14 , -1 ,
				    14 , 519 , 518 , -1 , 2 , 519 , 520 , -1 ,
				    520 , 3 , 2 , -1 , 519 , 14 , 17 , -1 ,
				    17 , 520 , 519 , -1 , 3 , 520 , 521 , -1 ,
				    521 , 515 , 3 , -1 , 520 , 17 , 44 , -1 ,
				    44 , 521 , 520 , -1 , 517 , 523 , 13 , -1 ,
				    517 , 522 , 523 , -1 , 28 , 522 , 517 , -1 ,
				    28 , 29 , 522 , -1 , 404 , 490 , 525 , -1 ,
				    524 , 404 , 525 , -1 , 402 , 404 , 524 , -1 ,
				    523 , 402 , 524 , -1 , 399 , 402 , 523 , -1 ,
				    522 , 399 , 523 , -1 , 24 , 399 , 522 , -1 ,
				    29 , 24 , 522 , -1 , 525 , 490 , 491 , -1 ,
				    4 , 497 , 7 , -1 , 513 , 0 , 3 , -1 ,
				    1 , 527 , 526 , -1 , 0 , 1 , 526 , -1 ,
				    518 , 528 , 527 , -1 , 1 , 518 , 527 , -1 ,
				    2 , 529 , 528 , -1 , 518 , 2 , 528 , -1 ,
				    3 , 530 , 529 , -1 , 2 , 3 , 529 , -1 ,
				    0 , 526 , 530 , -1 , 3 , 0 , 530 , -1 ,
				    3 , 2 , 518 , -1 , 0 , 3 , 518 , -1 ,
				    0 , 518 , 1 , -1 , 401 , 6 , 7 , -1 ,
				    401 , 7 , 4 , -1 , 5 , 401 , 4 , -1 ,
				    9 , 5 , 4 , -1 , 8 , 9 , 4 , -1 ,
				    10 , 401 , 5 , -1 , 9 , 10 , 5 , -1 ,
				    11 , 6 , 401 , -1 , 10 , 11 , 401 , -1 ,
				    12 , 7 , 6 , -1 , 11 , 12 , 6 , -1 ,
				    8 , 4 , 7 , -1 , 12 , 8 , 7 , -1 ,
				    14 , 16 , 17 , -1 , 14 , 15 , 16 , -1 ,
				    13 , 15 , 14 , -1 , 13 , 523 , 15 , -1 ,
				    17 , 16 , 44 , -1 , 30 , 37 , 32 , -1 ,
				    32 , 31 , 30 , -1 , 37 , 38 , 33 , -1 ,
				    33 , 32 , 37 , -1 , 38 , 39 , 34 , -1 ,
				    34 , 33 , 38 , -1 , 39 , 35 , 36 , -1 ,
				    36 , 34 , 39 , -1 , 35 , 47 , 45 , -1 ,
				    45 , 36 , 35 , -1 , 42 , 30 , 31 , -1 ,
				    31 , 41 , 42 , -1 , 42 , 41 , 40 , -1 ,
				    46 , 45 , 47 , -1 , 43 , 42 , 40 , -1 ,
				    47 , 44 , 46 , -1 ]
				 normalIndex [  ]
				 texCoordIndex [  ]
				 ccw FALSE
				 convex TRUE
				 creaseAngle 1.56207
			  }
			 } ,
			   
			 Shape {
			  appearance 
			  Appearance {
				 material 
				 Material {
				  diffuseColor 0.3294 0.3373 0.6
				  specularColor 1 1 1
				  shininess 0.5078
				 }
			  }
			  geometry 
			  DEF _6_TGS8 IndexedFaceSet {
				 coord 
				 USE xman_Points_TGS0
				 coordIndex [ 57 , 55 , 48 , -1 , 56 , 57 , 48 , -1 ,
				    58 , 54 , 55 , -1 , 57 , 58 , 55 , -1 ,
				    59 , 108 , 54 , -1 , 58 , 59 , 54 , -1 ,
				    60 , 107 , 108 , -1 , 59 , 60 , 108 , -1 ,
				    61 , 106 , 107 , -1 , 60 , 61 , 107 , -1 ,
				    62 , 105 , 106 , -1 , 61 , 62 , 106 , -1 ,
				    63 , 104 , 105 , -1 , 62 , 63 , 105 , -1 ,
				    56 , 48 , 104 , -1 , 63 , 56 , 104 , -1 ,
				    65 , 49 , 48 , -1 , 64 , 65 , 48 , -1 ,
				    66 , 50 , 49 , -1 , 65 , 66 , 49 , -1 ,
				    67 , 51 , 50 , -1 , 66 , 67 , 50 , -1 ,
				    68 , 52 , 51 , -1 , 67 , 68 , 51 , -1 ,
				    69 , 53 , 52 , -1 , 68 , 69 , 52 , -1 ,
				    70 , 54 , 53 , -1 , 69 , 70 , 53 , -1 ,
				    71 , 55 , 54 , -1 , 70 , 71 , 54 , -1 ,
				    64 , 48 , 55 , -1 , 71 , 64 , 55 , -1 ,
				    73 , 57 , 56 , -1 , 72 , 73 , 56 , -1 ,
				    74 , 58 , 57 , -1 , 73 , 74 , 57 , -1 ,
				    75 , 59 , 58 , -1 , 74 , 75 , 58 , -1 ,
				    76 , 60 , 59 , -1 , 75 , 76 , 59 , -1 ,
				    77 , 61 , 60 , -1 , 76 , 77 , 60 , -1 ,
				    78 , 62 , 61 , -1 , 77 , 78 , 61 , -1 ,
				    79 , 63 , 62 , -1 , 78 , 79 , 62 , -1 ,
				    72 , 56 , 63 , -1 , 79 , 72 , 63 , -1 ,
				    81 , 65 , 64 , -1 , 80 , 81 , 64 , -1 ,
				    82 , 66 , 65 , -1 , 81 , 82 , 65 , -1 ,
				    83 , 67 , 66 , -1 , 82 , 83 , 66 , -1 ,
				    84 , 68 , 67 , -1 , 83 , 84 , 67 , -1 ,
				    85 , 69 , 68 , -1 , 84 , 85 , 68 , -1 ,
				    86 , 70 , 69 , -1 , 85 , 86 , 69 , -1 ,
				    87 , 71 , 70 , -1 , 86 , 87 , 70 , -1 ,
				    80 , 64 , 71 , -1 , 87 , 80 , 71 , -1 ,
				    89 , 73 , 72 , -1 , 88 , 89 , 72 , -1 ,
				    90 , 74 , 73 , -1 , 89 , 90 , 73 , -1 ,
				    91 , 75 , 74 , -1 , 90 , 91 , 74 , -1 ,
				    92 , 76 , 75 , -1 , 91 , 92 , 75 , -1 ,
				    93 , 77 , 76 , -1 , 92 , 93 , 76 , -1 ,
				    94 , 78 , 77 , -1 , 93 , 94 , 77 , -1 ,
				    95 , 79 , 78 , -1 , 94 , 95 , 78 , -1 ,
				    88 , 72 , 79 , -1 , 95 , 88 , 79 , -1 ,
				    97 , 81 , 80 , -1 , 96 , 97 , 80 , -1 ,
				    98 , 82 , 81 , -1 , 97 , 98 , 81 , -1 ,
				    99 , 83 , 82 , -1 , 98 , 99 , 82 , -1 ,
				    100 , 84 , 83 , -1 , 99 , 100 , 83 , -1 ,
				    101 , 85 , 84 , -1 , 100 , 101 , 84 , -1 ,
				    102 , 86 , 85 , -1 , 101 , 102 , 85 , -1 ,
				    103 , 87 , 86 , -1 , 102 , 103 , 86 , -1 ,
				    96 , 80 , 87 , -1 , 103 , 96 , 87 , -1 ,
				    110 , 52 , 53 , -1 , 109 , 110 , 53 , -1 ,
				    111 , 51 , 52 , -1 , 110 , 111 , 52 , -1 ,
				    112 , 50 , 51 , -1 , 111 , 112 , 51 , -1 ,
				    113 , 49 , 50 , -1 , 112 , 113 , 50 , -1 ,
				    114 , 48 , 49 , -1 , 113 , 114 , 49 , -1 ,
				    115 , 104 , 48 , -1 , 114 , 115 , 48 , -1 ,
				    116 , 105 , 104 , -1 , 115 , 116 , 104 , -1 ,
				    117 , 106 , 105 , -1 , 116 , 117 , 105 , -1 ,
				    118 , 107 , 106 , -1 , 117 , 118 , 106 , -1 ,
				    119 , 108 , 107 , -1 , 118 , 119 , 107 , -1 ,
				    120 , 54 , 108 , -1 , 119 , 120 , 108 , -1 ,
				    109 , 53 , 54 , -1 , 120 , 109 , 54 , -1 ,
				    122 , 110 , 109 , -1 , 121 , 122 , 109 , -1 ,
				    123 , 111 , 110 , -1 , 122 , 123 , 110 , -1 ,
				    124 , 112 , 111 , -1 , 123 , 124 , 111 , -1 ,
				    125 , 113 , 112 , -1 , 124 , 125 , 112 , -1 ,
				    126 , 114 , 113 , -1 , 125 , 126 , 113 , -1 ,
				    127 , 115 , 114 , -1 , 126 , 127 , 114 , -1 ,
				    128 , 116 , 115 , -1 , 127 , 128 , 115 , -1 ,
				    129 , 117 , 116 , -1 , 128 , 129 , 116 , -1 ,
				    130 , 118 , 117 , -1 , 129 , 130 , 117 , -1 ,
				    131 , 119 , 118 , -1 , 130 , 131 , 118 , -1 ,
				    132 , 120 , 119 , -1 , 131 , 132 , 119 , -1 ,
				    121 , 109 , 120 , -1 , 132 , 121 , 120 , -1 ]
				 normalIndex [  ]
				 texCoordIndex [  ]
				 ccw FALSE
				 convex TRUE
				 creaseAngle 1.56207
			  }
			 } ,
			   
			 Shape {
			  appearance 
			  Appearance {
				 material 
				 Material {
				  diffuseColor 0.3294 0.3373 0.6
				  specularColor 1 1 1
				  shininess 0.5078
				 }
			  }
			  geometry 
			  DEF _7_TGS9 IndexedFaceSet {
				 coord 
				 USE xman_Points_TGS0
				 coordIndex [ 137 , 133 , 138 , -1 , 133 , 134 , 138 , -1 ,
				    134 , 135 , 138 , -1 , 135 , 136 , 138 , -1 ,
				    136 , 137 , 138 , -1 , 143 , 139 , 144 , -1 ,
				    139 , 140 , 144 , -1 , 140 , 141 , 144 , -1 ,
				    141 , 142 , 144 , -1 , 142 , 143 , 144 , -1 ]
				 normalIndex [  ]
				 texCoordIndex [  ]
				 ccw FALSE
				 convex TRUE
				 creaseAngle 1.56207
			  }
			 } ,
			   
			 Shape {
			  appearance 
			  Appearance {
				 material 
				 Material {
				  diffuseColor 0.349 0.1569 0.1176
				  specularColor 1 1 1
				  shininess 0.5078
				 }
			  }
			  geometry 
			  DEF _8_TGS10 IndexedFaceSet {
				 coord 
				 USE xman_Points_TGS0
				 coordIndex [ 161 , 174 , 160 , -1 , 177 , 176 , 173 , -1 ,
				    174 , 177 , 173 , -1 , 178 , 177 , 174 , -1 ,
				    161 , 178 , 174 , -1 , 162 , 178 , 161 , -1 ,
				    164 , 163 , 175 , -1 , 176 , 164 , 175 , -1 ,
				    165 , 164 , 176 , -1 , 177 , 165 , 176 , -1 ,
				    166 , 165 , 177 , -1 , 178 , 166 , 177 , -1 ,
				    167 , 166 , 178 , -1 , 162 , 167 , 178 , -1 ,
				    179 , 161 , 160 , -1 , 181 , 162 , 161 , -1 ,
				    179 , 181 , 161 , -1 , 182 , 181 , 179 , -1 ,
				    180 , 182 , 179 , -1 , 183 , 182 , 180 , -1 ,
				    181 , 168 , 162 , -1 , 169 , 168 , 181 , -1 ,
				    182 , 169 , 181 , -1 , 170 , 169 , 182 , -1 ,
				    183 , 170 , 182 , -1 , 171 , 170 , 183 , -1 ,
				    184 , 171 , 183 , -1 , 172 , 171 , 184 , -1 ,
				    185 , 171 , 172 , -1 , 186 , 170 , 171 , -1 ,
				    185 , 186 , 171 , -1 , 187 , 186 , 185 , -1 ,
				    188 , 169 , 170 , -1 , 186 , 188 , 170 , -1 ,
				    189 , 188 , 186 , -1 , 187 , 189 , 186 , -1 ,
				    190 , 189 , 187 , -1 , 191 , 168 , 169 , -1 ,
				    188 , 191 , 169 , -1 , 192 , 191 , 188 , -1 ,
				    189 , 192 , 188 , -1 , 193 , 192 , 189 , -1 ,
				    190 , 193 , 189 , -1 , 194 , 193 , 190 , -1 ,
				    191 , 167 , 168 , -1 , 166 , 167 , 191 , -1 ,
				    192 , 166 , 191 , -1 , 165 , 166 , 192 , -1 ,
				    193 , 165 , 192 , -1 , 164 , 165 , 193 , -1 ,
				    194 , 164 , 193 , -1 , 163 , 164 , 194 , -1 ,
				    167 , 162 , 168 , -1 , 150 , 151 , 176 , -1 ,
				    150 , 175 , 176 , -1 , 146 , 150 , 175 , -1 ,
				    163 , 146 , 175 , -1 , 159 , 146 , 163 , -1 ,
				    194 , 159 , 163 , -1 , 151 , 148 , 173 , -1 ,
				    176 , 151 , 173 , -1 , 148 , 149 , 174 , -1 ,
				    173 , 148 , 174 , -1 , 149 , 145 , 160 , -1 ,
				    174 , 149 , 160 , -1 , 145 , 153 , 179 , -1 ,
				    160 , 145 , 179 , -1 , 152 , 180 , 179 , -1 ,
				    153 , 152 , 179 , -1 , 154 , 183 , 180 , -1 ,
				    152 , 154 , 180 , -1 , 155 , 184 , 183 , -1 ,
				    154 , 155 , 183 , -1 , 155 , 172 , 184 , -1 ,
				    147 , 172 , 155 , -1 , 156 , 185 , 172 , -1 ,
				    147 , 156 , 172 , -1 , 158 , 159 , 194 , -1 ,
				    190 , 158 , 194 , -1 , 157 , 187 , 185 , -1 ,
				    156 , 157 , 185 , -1 , 157 , 158 , 187 , -1 ,
				    158 , 190 , 187 , -1 ]
				 normalIndex [  ]
				 texCoordIndex [  ]
				 ccw FALSE
				 convex TRUE
				 creaseAngle 1.56207
			  }
			 } ]
		 } ]
	  translation 0 0 0
	 }
  }
  rotation 0 1 0  1.57079
 
}
#Inventor END